/usr/bin/python3.5 /home/oszikr/Downloads/pycharm-community-2020.2/plugins/python-ce/helpers/pydev/pydevconsole.py --mode=client --port=44769
import sys; print('Python %s on %s' % (sys.version, sys.platform))
sys.path.extend(['/home/oszikr/PycharmProjects/hex13'])
PyDev console: starting.
Python 3.5.3 (default, Jul  9 2020, 13:00:10) 
[GCC 6.3.0 20170516] on linux
runfile('/home/oszikr/PycharmProjects/hex13/processing1.py', wdir='/home/oszikr/PycharmProjects/hex13')
Start Time = 14:41:39
Reading input file: raw_games_small.dat
Creating output file.
Playing games:
Game 1
150
48
107
74
87
121
23
24
95
98
109
110
123
122
159
135
36
37
49
50
62
72
75
22
161
85
147
148
35
144
46
56
43
81
18
45
58
34
47
70
57
67
69
55
44
78
42
41
54
65
27
64
89
16
53
77
90
88
76
26
52
----------------------------
\ 0 0 0 0 0 0 0 0 0 0 0 0 0 \
 \ 0 0 0 2 0 1 0 0 0 2 1 2 0 \
  \ 2 1 0 0 0 0 0 0 2 1 1 2 0 \
   \ 0 0 2 1 1 1 2 1 1 2 1 2 0 \
    \ 1 1 1 2 2 1 1 0 0 0 1 0 2 \
     \ 2 0 2 0 1 2 0 2 0 2 1 1 2 \
      \ 2 0 0 2 0 0 0 2 0 1 2 1 1 \
       \ 0 0 0 0 1 0 0 2 0 0 0 0 0 \
        \ 0 0 0 1 0 1 2 0 0 0 0 0 0 \
         \ 0 0 0 0 2 2 1 0 0 0 0 0 0 \
          \ 0 0 0 0 0 2 0 0 0 0 0 0 0 \
           \ 0 2 0 0 1 2 0 1 0 0 0 0 0 \
            \ 0 0 0 1 0 1 0 0 0 0 0 0 0 \
             ----------------------------
True
Game 2
164
107
48
70
95
83
109
97
123
120
81
96
108
93
67
79
66
113
57
69
110
86
124
68
80
116
126
141
102
112
127
94
56
45
144
145
21
82
18
46
58
59
71
72
133
132
34
20
32
33
85
84
157
158
7
8
----------------------------
\ 0 0 0 0 0 0 0 1 2 0 0 0 0 \
 \ 0 0 0 0 0 1 0 2 1 0 0 0 0 \
  \ 0 0 0 0 0 0 1 2 1 0 0 0 0 \
   \ 0 0 0 0 0 0 2 2 0 1 0 0 0 \
    \ 0 0 0 0 1 1 1 2 0 0 0 0 0 \
     \ 0 1 1 2 2 2 1 2 0 0 0 0 0 \
      \ 0 2 1 1 2 2 2 1 2 0 0 0 0 \
       \ 0 0 2 2 1 2 2 0 0 0 0 1 0 \
        \ 0 0 0 2 1 1 1 0 2 2 0 0 2 \
         \ 0 0 0 2 0 0 1 1 0 1 1 0 0 \
          \ 0 0 2 1 0 0 0 0 0 0 0 2 0 \
           \ 0 1 2 0 0 0 0 0 0 0 0 0 0 \
            \ 0 1 2 0 0 0 0 0 1 0 0 0 0 \
             ----------------------------
False
Game 3
157
134
60
120
46
94
81
57
70
61
74
58
71
62
75
73
48
59
84
98
72
79
49
82
95
50
24
93
107
118
32
54
147
131
105
106
17
16
80
55
92
69
41
30
18
29
158
156
143
144
3
4
43
42
56
68
----------------------------
\ 0 0 0 1 2 0 0 0 0 0 0 0 0 \
 \ 0 0 0 2 1 1 0 0 0 0 0 1 0 \
  \ 0 0 0 2 2 0 1 0 0 0 0 0 0 \
   \ 0 0 1 2 1 0 0 1 0 1 1 2 0 \
    \ 0 0 2 2 1 2 2 2 1 2 2 0 0 \
     \ 0 0 0 2 2 1 1 1 2 1 1 0 0 \
      \ 0 2 1 1 2 0 1 0 0 0 0 0 0 \
       \ 0 1 2 2 1 0 0 2 0 0 0 0 0 \
        \ 0 1 2 1 0 0 0 0 0 0 0 0 0 \
         \ 0 2 0 2 0 0 0 0 0 0 0 0 0 \
          \ 0 2 0 0 2 0 0 0 0 0 0 0 0 \
           \ 1 2 0 0 1 0 0 0 0 0 0 0 0 \
            \ 2 1 1 0 0 0 0 0 0 0 0 0 0 \
             ----------------------------
False
Game 4
163
133
59
58
71
94
106
108
60
69
82
81
121
120
145
144
132
135
161
131
119
149
33
31
107
95
159
146
158
147
160
162
148
136
18
30
17
19
56
45
57
70
44
32
7
6
----------------------------
\ 0 0 0 0 0 0 2 1 0 0 0 0 0 \
 \ 0 0 0 0 1 1 2 0 0 0 0 0 0 \
  \ 0 0 0 0 2 2 2 1 0 0 0 0 0 \
   \ 0 0 0 0 0 1 2 0 0 0 0 0 0 \
    \ 0 0 0 0 1 1 2 1 1 0 0 0 0 \
     \ 0 0 0 0 2 2 1 0 0 0 0 0 0 \
      \ 0 0 0 2 1 0 0 0 0 0 0 0 0 \
       \ 0 0 0 2 2 0 0 0 0 0 0 0 0 \
        \ 0 0 1 1 2 0 0 0 0 0 0 0 0 \
         \ 0 0 1 2 1 0 0 0 0 0 0 0 0 \
          \ 0 2 1 2 0 2 2 0 0 0 0 0 0 \
           \ 0 2 1 2 2 1 2 0 0 0 0 0 0 \
            \ 0 0 1 1 1 1 2 1 0 0 0 0 0 \
             ----------------------------
False
Game 5
0
120
95
48
73
62
84
74
23
34
106
109
88
110
86
87
47
37
9
24
50
138
49
61
36
83
20
58
45
92
56
57
44
68
42
117
53
54
41
55
43
51
38
32
33
8
21
22
10
52
65
----------------------------
\ 1 0 0 0 0 0 0 0 2 1 1 0 0 \
 \ 0 0 0 0 0 0 0 1 1 2 1 2 0 \
  \ 0 0 0 0 0 0 2 1 2 0 1 2 1 \
   \ 0 0 1 1 1 1 1 0 1 2 1 1 2 \
    \ 2 1 2 2 1 2 2 0 0 2 2 0 0 \
     \ 1 0 0 2 0 0 0 0 1 2 0 0 0 \
      \ 0 0 0 0 0 2 1 0 1 2 1 0 0 \
       \ 0 2 0 0 1 0 0 0 0 0 0 0 0 \
        \ 0 0 1 0 0 2 2 0 0 0 0 0 0 \
         \ 2 0 0 2 0 0 0 0 0 0 0 0 0 \
          \ 0 0 0 0 0 0 0 0 2 0 0 0 0 \
           \ 0 0 0 0 0 0 0 0 0 0 0 0 0 \
            \ 0 0 0 0 0 0 0 0 0 0 0 0 0 \
             ----------------------------
True
Game 6
115
96
71
36
61
121
70
62
73
87
49
56
68
72
84
79
69
66
54
55
45
38
50
51
63
64
76
89
77
39
93
104
118
105
106
85
47
117
130
57
59
60
48
80
81
----------------------------
\ 0 0 0 0 0 0 0 0 0 0 0 0 0 \
 \ 0 0 0 0 0 0 0 0 0 0 0 0 0 \
  \ 0 0 0 0 0 0 0 0 0 0 2 0 2 \
   \ 2 0 0 0 0 0 1 0 1 1 1 1 2 \
    \ 0 0 1 2 2 2 0 1 2 1 2 1 2 \
     \ 0 2 0 1 1 1 1 2 1 0 0 1 1 \
      \ 0 2 2 1 0 0 1 2 0 2 0 2 0 \
       \ 0 0 1 0 0 2 0 0 0 0 0 0 0 \
        \ 2 2 1 0 0 0 0 0 0 0 0 1 0 \
         \ 2 1 0 0 2 0 0 0 0 0 0 0 0 \
          \ 1 0 0 0 0 0 0 0 0 0 0 0 0 \
           \ 0 0 0 0 0 0 0 0 0 0 0 0 0 \
            \ 0 0 0 0 0 0 0 0 0 0 0 0 0 \
             ----------------------------
True
Game 7
47
46
36
108
34
33
82
83
58
70
121
57
144
123
135
109
122
98
149
136
148
126
138
139
72
112
125
113
111
110
6
32
124
99
8
7
44
45
19
20
163
164
151
152
96
95
----------------------------
\ 0 0 0 0 0 0 1 2 1 0 0 0 0 \
 \ 0 0 0 0 0 0 1 2 0 0 0 0 0 \
  \ 0 0 0 0 0 0 2 2 1 0 1 0 0 \
   \ 0 0 0 0 0 1 2 2 1 0 0 0 0 \
    \ 0 0 0 0 0 2 1 0 0 0 0 0 0 \
     \ 0 0 0 0 0 2 0 1 0 0 0 0 0 \
      \ 0 0 0 0 1 2 0 0 0 0 0 0 0 \
       \ 0 0 0 0 2 1 0 2 2 0 0 0 0 \
        \ 0 0 0 0 2 2 2 1 2 2 0 0 0 \
         \ 0 0 0 0 1 1 2 1 1 2 0 0 0 \
          \ 0 0 0 0 0 1 2 0 1 2 0 0 0 \
           \ 0 1 0 0 0 1 1 0 1 2 0 0 0 \
            \ 0 0 0 0 0 0 0 1 2 0 0 0 0 \
             ----------------------------
False
Game 8
100
107
133
147
132
122
72
83
71
70
58
57
135
136
108
118
131
97
123
112
149
137
163
148
32
44
99
51
110
101
76
111
98
88
74
49
75
134
109
120
121
130
143
86
87
64
77
----------------------------
\ 0 0 0 0 0 0 0 0 0 0 0 0 0 \
 \ 0 0 0 0 0 0 0 0 0 0 0 0 0 \
  \ 0 0 0 0 0 0 1 0 0 0 0 0 0 \
   \ 0 0 0 0 0 2 0 0 0 0 2 0 2 \
    \ 0 0 0 0 0 2 1 0 0 0 0 0 2 \
     \ 0 0 0 0 0 2 1 1 0 1 1 1 1 \
      \ 0 0 0 0 0 2 0 0 2 1 2 0 0 \
       \ 0 0 0 0 0 0 2 1 1 1 2 0 0 \
        \ 0 0 0 2 1 1 1 2 2 0 0 0 0 \
         \ 0 2 0 2 1 2 1 0 0 0 0 0 0 \
          \ 2 1 1 1 2 1 2 2 0 0 0 0 0 \
           \ 1 0 0 0 2 2 1 0 0 0 0 0 0 \
            \ 0 0 0 0 0 0 0 1 0 0 0 0 0 \
             ----------------------------
True
Game 9
67
60
97
98
24
23
108
110
73
50
62
61
87
74
134
135
123
112
149
59
125
122
46
150
86
105
71
89
35
58
44
36
94
69
76
95
107
85
72
82
96
91
118
119
106
75
88
83
84
117
130
77
64
----------------------------
\ 0 0 0 0 0 0 0 0 0 0 0 0 0 \
 \ 0 0 0 0 0 0 0 0 0 0 2 1 0 \
  \ 0 0 0 0 0 0 0 0 0 1 2 0 0 \
   \ 0 0 0 0 0 1 0 1 0 0 0 2 0 \
    \ 0 0 0 0 0 0 2 2 2 2 1 0 1 \
     \ 0 0 1 0 2 0 1 1 1 2 2 1 2 \
      \ 0 0 0 0 2 2 1 2 1 1 1 2 0 \
       \ 2 0 0 1 2 1 1 2 0 0 0 0 0 \
        \ 0 2 1 1 1 0 2 0 2 0 0 0 0 \
         \ 2 1 2 0 0 2 1 0 1 0 0 0 0 \
          \ 1 0 0 0 1 2 0 0 0 0 0 0 0 \
           \ 0 0 0 0 0 0 1 2 0 0 0 0 0 \
            \ 0 0 0 0 0 0 0 0 0 0 0 0 0 \
             ----------------------------
True
Game 10
92
47
98
109
82
96
72
85
84
73
60
94
81
61
122
110
86
83
123
58
132
121
70
111
124
71
8
45
146
134
22
23
7
48
97
147
35
36
46
59
10
11
160
159
----------------------------
\ 0 0 0 0 0 0 0 1 1 0 1 2 0 \
 \ 0 0 0 0 0 0 0 0 0 1 2 0 0 \
  \ 0 0 0 0 0 0 0 0 0 1 2 0 0 \
   \ 0 0 0 0 0 0 2 1 2 2 0 0 0 \
    \ 0 0 0 0 0 0 2 2 1 2 0 0 0 \
     \ 0 0 0 0 0 1 2 1 2 0 0 0 0 \
      \ 0 0 0 1 1 2 1 2 1 0 0 0 0 \
       \ 0 1 0 2 0 2 1 1 0 0 0 0 0 \
        \ 0 0 0 0 0 2 2 2 0 0 0 0 0 \
         \ 0 0 0 0 2 1 1 1 0 0 0 0 0 \
          \ 0 0 1 0 2 0 0 0 0 0 0 0 0 \
           \ 0 0 0 1 2 0 0 0 0 0 0 0 0 \
            \ 0 0 0 2 1 0 0 0 0 0 0 0 0 \
             ----------------------------
False
Total 505 states
End.
Start Time = 14:41:39
Stop Time  = 14:41:39

